.Random.seed <-
c(403L, 565L, 1721472814L, 138526492L, -1355394467L, 1050979599L, 
-824638595L, 394612301L, 728430836L, -1199728806L, -1459393485L, 
-1532420225L, -1562514609L, -155926312L, 1321928868L, -240139177L, 
-925984835L, 1913420932L, 1217716049L, 1183228291L, 593557190L, 
-1225780164L, -1789276754L, -240441980L, 504872961L, 264067307L, 
-1350113612L, -862291420L, 1991188874L, 2037329423L, 1335078551L, 
-162492216L, 1333465472L, -240262149L, -120372332L, 2030689522L, 
1404518587L, 1843068925L, -1463445469L, -1834576401L, -923792818L, 
114695400L, 1141432873L, -435333971L, 1337204901L, -1856782338L, 
-1770452230L, 126961257L, -64624953L, -1017017110L, 350737031L, 
291938801L, 195741036L, -1239756862L, -1319340668L, 131915526L, 
-380224389L, -465789719L, 604638322L, -151832302L, 901394048L, 
-775636419L, -663452579L, 2054512122L, 2067723402L, 2140393209L, 
1825867250L, 2125746352L, 1527121153L, 1412577067L, -1297861527L, 
975181097L, -543810336L, 1265068006L, 263719951L, -375276125L, 
421377667L, 1983735548L, -1524435888L, 1087182059L, 647288081L, 
2118725112L, -2122176627L, 1162691151L, -972993966L, 1300291952L, 
-1856137102L, 1683604792L, -511521835L, 400050223L, -888659896L, 
-231652096L, 2083743638L, 1829974955L, 2060710747L, 1055110932L, 
234773692L, 472217047L, 782359560L, 1707078966L, -412115473L, 
489227161L, 1901706111L, -2073428757L, 899926458L, -1059759036L, 
-1744956011L, 1202972193L, -994771511L, 29334770L, 852811062L, 
1121522733L, -1809841045L, -22985074L, 590249683L, -1732158949L, 
-216756557L, 930593669L, 653850058L, -824523567L, -748759063L, 
2110744615L, -2114703575L, 2065698610L, -792035063L, -204930112L, 
-1151128727L, 221349815L, -700326586L, -187404899L, -468782021L, 
-1713719786L, 5131442L, 275879936L, 1392391723L, 2126271650L, 
311582982L, -554129788L, -2001491608L, 513511391L, -16370474L, 
1564630781L, 1595138552L, 67222690L, 1651185345L, -809691096L, 
184074616L, -215717787L, -1508074371L, 1854908623L, 587521372L, 
1969821663L, 306292807L, -73478943L, 1776321131L, 179447640L, 
1525230559L, -1004150090L, 1963210303L, -269740199L, 581162576L, 
-15715021L, -365638823L, 1893391968L, 1005484012L, 1180406170L, 
-417556179L, -302762728L, -31163052L, 184556030L, 1620252890L, 
-1001275147L, -925990188L, 1457975279L, 723593591L, 232256509L, 
613423831L, -487765160L, 1557387045L, 443224516L, -1964929087L, 
546115009L, 875681083L, 410788744L, -2004246011L, 625595049L, 
-1406277974L, 1373928521L, -1598995817L, -1952208664L, -20439076L, 
260508594L, -1330723874L, 44243239L, -1301707220L, -475976087L, 
-2032301112L, -1258717788L, 742754034L, 1651648243L, 505193866L, 
-676521182L, 178112963L, 829266388L, 217902616L, -970965131L, 
-1196387035L, 787899991L, 1042722713L, 1576640914L, 666432039L, 
-375879246L, -1301865929L, -1861206965L, -271804219L, 104010558L, 
-1833557405L, -1950346905L, -607919208L, -2008223629L, 1768960585L, 
1592211286L, 2005461266L, -1102575676L, 1367500416L, 398701633L, 
1491200062L, 505102775L, -799241986L, 292031086L, 1092223356L, 
1384256985L, 17937224L, 2074914712L, 1771151457L, 898650974L, 
1819992522L, -232809213L, -1374721285L, 1830963721L, -1378737797L, 
-1232315220L, -1990478623L, -1519214728L, -432483131L, 734223637L, 
38600327L, -1161017180L, -1958595583L, 452541501L, -1938936210L, 
651670565L, -2007362773L, -74248996L, -1810872656L, -1149917218L, 
327805154L, -1378007525L, -1170435384L, 224516509L, 762468940L, 
-1426590296L, 679240590L, -475102977L, 1032240118L, 897287638L, 
-618693465L, -353332992L, -936030532L, 120047977L, -1963789495L, 
-1195837213L, -1683716579L, 82397606L, 601114019L, -901539738L, 
366991691L, 42982367L, 1002709057L, -1875123254L, -772546801L, 
949721611L, 975937404L, -1687228561L, 243028806L, -1215989184L, 
173027464L, -39563927L, 1911456006L, 1861509350L, 123952815L, 
-2115445373L, -1393556268L, -208519033L, -446924309L, -1703023095L, 
-642451445L, 154875284L, 119799113L, 490963499L, -371806257L, 
-1296455573L, 1573871459L, -461613398L, -540109645L, 2104056509L, 
2065624318L, -1691361398L, -1753763851L, 450800598L, -656806142L, 
2012573682L, -2091638044L, 749700627L, 351465400L, 40344270L, 
-916362472L, 1671397686L, 793336374L, -1213399577L, -926957352L, 
-1133795696L, 476999173L, -1859111035L, -1193351134L, -1522029539L, 
-1563052627L, 386430643L, -78783015L, -1120113690L, -361395829L, 
-216140415L, 1419803117L, 2057749845L, -643464851L, 581362876L, 
-237499527L, -1900561517L, 196572288L, 1203355048L, 2071228487L, 
-322100312L, 407602472L, -20756616L, 2058734318L, -1173453991L, 
-1293206322L, -1873414272L, 146513954L, 1951242780L, -2081286372L, 
-1930608419L, -320725166L, 1910607490L, 1181091723L, -1216450081L, 
-1604975272L, 1586822075L, 586751839L, 1847822053L, 464403095L, 
-1039788976L, 2067328845L, 827325279L, -628814805L, 637097519L, 
-299007513L, -402170394L, 2141502999L, -1645508223L, 1055822786L, 
1326949726L, -480824599L, -1590275030L, 631160038L, -256448362L, 
2001756968L, -1296433985L, 442696468L, 563667082L, -1233091348L, 
-710301734L, -342807118L, 1957845411L, -1915972196L, -1547523020L, 
-1395897271L, 786231305L, -1712150194L, 645993801L, -1351750759L, 
199559671L, 432022861L, 420813578L, -1202423305L, -241402035L, 
1635256289L, -1148362111L, 828647577L, -1138791840L, 2137466569L, 
-57338234L, 810846133L, 2082818752L, -625049819L, -959373113L, 
-605670385L, -882412998L, 518494610L, -1365915032L, 172627695L, 
-116525852L, 357004444L, 920631143L, -1262451089L, -89385285L, 
-2096037478L, 1903447599L, 1532425286L, -721192313L, 2056057074L, 
532197252L, 2021450080L, -991238905L, -1471968893L, -160318351L, 
878791924L, 1691550459L, -214602691L, -274625916L, -1718803556L, 
232359520L, -458405561L, 560830604L, 629365951L, 1667920438L, 
45980747L, -263244339L, 1554303201L, -1188115420L, -1799078780L, 
1056703550L, 15049261L, -1254380170L, -765765838L, 2040017425L, 
862620033L, 868051413L, 1559098036L, -1001175527L, -311403124L, 
906085505L, 676297876L, -1303257090L, -476796746L, -245504579L, 
175874657L, -1540293101L, 1789560310L, 256609761L, 550169855L, 
-2093175302L, -97150462L, 662159862L, -955446771L, 529178786L, 
1611871249L, -477282076L, -1128574391L, 1503901235L, 193750539L, 
-216457058L, 998454590L, -463173612L, -727298613L, -1342974280L, 
1504144488L, 2111593051L, -967553461L, -1743324833L, -81982722L, 
1419941019L, -1147648526L, 1123013819L, -1493297442L, 1741442040L, 
-2071248380L, 1307031947L, -1807594401L, -668406427L, -1524522144L, 
2080559199L, 2080394313L, 972420336L, 464490248L, -1248933172L, 
954911699L, 1682101040L, -1288472317L, -1492404270L, 1682132887L, 
-1243375279L, 287836725L, 1470112912L, 1766290088L, -1809545486L, 
-1004910111L, -1739550974L, 1141393878L, -1124636899L, 529994837L, 
1906699978L, -68686022L, -1175075309L, -1426050343L, 2041224271L, 
724323275L, -1098824785L, 1131039178L, -793448657L, -1852417232L, 
307544972L, -355338490L, -388516142L, 1500783947L, -377130446L, 
-934277529L, -874170069L, -424612211L, -2076485790L, -2102501374L, 
-468777564L, 1878720000L, -1163756996L, 1009991681L, -679768242L, 
1523531813L, 914514401L, 1886249669L, -824031627L, 1367991814L, 
-1923154763L, -5442968L, -1500230252L, 843620452L, -1764316187L, 
-438054653L, -925906575L, -1239208043L, -408157379L, 446512620L, 
-1139994499L, -409284438L, 776582238L, 1342288068L, -1449613608L, 
-1492478983L, 1128461292L, 278666889L, 1978390581L, 1549451959L, 
76484052L, 1740477332L, -1264064426L, -504777510L, -2025585334L, 
-1201279557L, 1566371908L, -1006719081L, -441208555L, 1082914720L, 
-1105176936L, -555981810L, 637442668L, -680174396L, -1050286892L, 
2141406433L, 227379835L, 1305971264L, 1867453082L, 1592648831L, 
-444133942L, -713550082L, 1497666371L, 389084905L, -16298478L, 
-1852519587L, -1587461015L, -1278789207L, -1323119423L, 209358377L, 
1089010081L, 2069921234L, 2131039894L, 1311978575L, -450085739L, 
-1223450080L, -434917683L, 1391238633L, 1084796630L, -804658624L, 
-2138860165L, 950029722L, -154160358L, -720305888L, -1447107710L, 
